2026-05-25: 2605.22794, 2605.02168, 2605.02801
2026-05-25: 2605.03986, 2605.13848, 2605.18535
2026-05-25: 2605.18747, 2605.11770, 2605.20312
2026-05-25: 2605.07728, 2605.10481, 2605.13851
2026-05-26: 2605.08538, 2605.08477, 2605.11453
2026-05-27: 2605.04785, 2605.14312, 2605.23382
2026-05-28: 2605.24486, 2605.10448, 2605.06068
2026-05-29: 2605.26297, 2605.15184, 2605.15040
2026-05-30: 2605.13850, 2605.23989, 2605.27905
2026-05-31: 2605.29225, 2605.10223, 2605.25632
2026-06-01: 2605.22138, 2605.14498, 2605.00334
2026-06-02: 2605.22502, 2605.22608, 2605.11032
2026-06-03: 2606.01138, 2606.01041, 2606.00198
2026-06-04: 2606.01725, 2606.00619, 2606.02461
2026-06-05: 2606.04874, 2606.01801, 2606.04051
2026-06-06: 2606.04315, 2606.04455, 2606.05233
2026-06-07: 2606.05548, 2606.06448, 2606.05241
2026-06-08: 2606.04484, 2606.05622, 2606.05711
2026-06-09: 2606.01317, 2606.05647, 2606.04465
2026-06-10: 2606.09122, 2606.07909, 2606.04967
2026-06-11: 2606.05037, 2606.01508, 2606.09613
2026-06-12: 2606.11070, 2606.11079, 2606.05608
2026-06-13: 2606.11680, 2606.11119, 2606.10156
2026-06-14: 2606.08367, 2606.12191, 2606.13175
2026-06-15: 2606.05405, 2606.05391, 2606.02494
2026-06-16: 2606.14211, 2606.11869, 2606.13662
2026-06-17: 2606.12674, 2606.11290, 2606.14470
2026-06-18: 2606.14249, 2606.14200, 2606.12341
2026-06-19: 2606.16432, 2606.13003, 2606.07448
2026-06-20: 2606.10402, 2606.15363, 2606.20041
2026-06-21: 2606.07489, 2606.09498, 2606.08457
2026-06-22: 2606.20529, 2606.20002, 2606.20520
2026-06-23: 2606.20487, 2606.19911, 2606.20014
2026-06-24: 2606.22388, 2606.19135, 2606.12563
2026-06-25: 2606.21228, 2606.24530, 2606.23138
2026-06-26: 2606.22678, 2606.18502, 2606.20615
2026-06-27: 2606.24775, 2606.21565, 2606.19704
2026-06-28: 2606.24937, 2606.23525, 2606.12384
2026-06-29: 2606.03895, 2606.25996, 2606.22484
2026-06-30: 2606.07297, 2606.12344, 2606.26294
2026-07-01: 2606.24597, 2606.26859, 2606.26959
2026-07-02: 2606.16707, 2606.10662, 2606.18671
2026-07-03: 2607.01084, 2607.00939, 2607.01034
2026-07-04: 2607.01071, 2607.01153, 2607.01047
2026-07-05: 2607.02509, 2607.02507, 2607.01211
2026-07-06: 2607.00269, 2607.00597, 2607.00871
2026-07-07: 2607.01641, 2607.01640, 2607.02186
2026-07-08: 2607.05174, 2607.01120, 2607.01709
2026-07-09: 2607.05029, 2607.01793, 2607.05318
2026-07-10: 2607.07321, 2607.02255, 2607.06229
2026-07-11: 2607.07702, 2607.07436, 2607.07474
2026-07-12: 2607.08147, 2607.05518, 2607.08768
2026-07-13: 2607.08010, 2607.08716, 2607.08662
2026-07-14: 2607.06807, 2607.08691, 2607.04528
2026-07-15: 2607.08964, 2607.07368, 2607.05690
2026-07-16: 2607.01942, 2607.13027, 2607.12662
2026-07-17: 2607.12056, 2607.10738, 2607.10350
2026-07-18: 2607.13591, 2607.11098, 2607.10059
2026-07-19: 2607.13474, 2607.13104, 2607.14651
2026-07-20: 2607.15143, 2607.14171, 2607.14158
2026-07-21: 2607.15257, 2607.15247, 2607.15095
2026-07-22: 2607.02942, 2607.07989, 2607.06008
2026-07-23: 2607.02577, 2607.12338, 2607.10079
2026-07-24: 2607.02453, 2607.05775, 2607.19359
2026-07-25: 2607.20709, 2607.21461, 2607.07663
2026-07-26: 2607.21217, 2607.05202, 2607.07744
2026-07-27: 2607.05794, 2607.05120, 2607.13987
2026-07-28: 2607.13705, 2607.19336, 2607.22083
2026-07-29: 2607.23884, 2607.14642, 2607.19430
2026-07-30: 2607.22465, 2607.14989, 2607.22400
2026-07-31: 2607.25398, 2607.19297, 2607.11818
2026-08-01: 2607.28545, 2607.27294, 2607.27250
2026-08-02: 2607.03730, 2607.04697, 2607.25379
2026-08-03: 2607.25446, 2607.24625, 2607.13718
2026-08-04: 2607.01224, 2607.27191, 2607.18063
2026-08-16: 2608.05108, 2608.11888, 2608.08131
2026-08-05: 2608.03468, 2608.02650, 2608.03735
2026-08-06: 2608.03137, 2608.04289, 2608.00426
2026-08-07: 2608.04588, 2608.05573, 2608.03169
2026-08-08: 2608.00017, 2608.02508, 2608.03420
2026-08-09: 2608.05013, 2608.06663, 2608.01964
2026-08-10: 2608.09096, 2608.10504, 2608.09885
2026-08-11: 2608.08995, 2608.09251, 2608.10646
2026-08-12: 2608.11386, 2608.07169, 2608.09828
2026-08-13: 2608.11248, 2608.10509, 2608.11218
2026-08-14: 2608.11727, 2608.08466, 2608.10157
2026-08-15: 2608.13120, 2608.13173, 2608.12428
2026-08-17: 2608.13334, 2608.11879, 2608.10108
2026-08-18: 2608.09476, 2608.12895, 2608.14109
2026-08-19: 2608.16168, 2608.16185, 2608.16515
2026-08-20: 2608.17756, 2608.18066, 2608.17665
2026-08-21: 2608.19072, 2608.18933, 2608.18524
2026-08-22: 2608.18398, 2608.19652, 2608.20318
2026-08-23: 2608.20314, 2608.20274, 2608.19993
2026-08-24: 2608.19701, 2608.20202, 2608.19564
2026-08-25: 2608.17800, 2608.19741, 2608.19653
2026-08-26: 2608.21027, 2608.20771, 2608.21159
2026-08-27: 2608.24571, 2608.24509, 2608.24368
2026-08-28: 2608.21690, 2608.22767, 2608.25577
2026-08-30: 2608.27167, 2608.27146, 2608.27141
